20 3653.000000 3644.750000 8.250000
21 3666.000000 3652.250000 13.750000
22 3669.000000 3657.750000 11.250000
23 3648.000000 3656.000000 -8.000000
24 3633.000000 3654.250000 -21.250000
25 3629.000000 3654.500000 -25.500000
26 3605.000000 3652.000000 -47.000000
27 3596.000000 3646.750000 -50.750000
28 3600.000000 3633.750000 -33.750000
29 3585.000000 3624.250000 -39.250000
30 3552.000000 3613.500000 -61.500000
31 3517.000000 3600.250000 -83.250000
32 3464.000000 3583.500000 -119.500000
33 3399.000000 3566.750000 -167.750000
34 3356.000000 3553.500000 -197.500000
35 3315.000000 3537.250000 -222.250000
36 3283.000000 3517.750000 -234.750000
37 3259.000000 3497.000000 -238.000000
38 3257.000000 3476.000000 -219.000000
39 3257.000000 3457.750000 -200.750000
40 3270.000000 3441.500000 -171.500000
41 3289.000000 3423.500000 -134.500000
42 3286.000000 3401.250000 -115.250000
43 3282.000000 3384.500000 -102.500000
44 3267.000000 3366.250000 -99.250000
45 3247.000000 3346.000000 -99.000000
46 3228.000000 3329.250000 -101.250000
47 3238.000000 3311.750000 -73.750000
48 3243.000000 3295.250000 -52.250000
49 3247.000000 3281.750000 -34.750000
50 3259.000000 3272.750000 -13.750000
51 3283.000000 3270.750000 12.250000
52 3304.000000 3271.750000 32.250000
53 3329.000000 3277.750000 51.250000
54 3357.000000 3282.000000 75.000000
55 3359.000000 3283.750000 75.250000
56 3340.000000 3285.000000 55.000000
57 3324.000000 3288.000000 36.000000
58 3297.000000 3287.750000 9.250000
59 3279.000000 3287.500000 -8.500000
60 3283.000000 3287.000000 -4.000000
61 3296.000000 3286.750000 9.250000
62 3308.000000 3293.500000 14.500000
63 3328.000000 3299.250000 28.750000
64 3320.000000 3300.750000 19.250000
65 3296.000000 3299.250000 -3.250000
66 3277.000000 3299.000000 -22.000000
67 3256.000000 3298.000000 -42.000000
68 3240.000000 3298.500000 -58.500000
69 3244.000000 3300.000000 -56.000000
70 3246.000000 3296.000000 -50.000000
71 3222.000000 3283.750000 -61.750000
72 3197.000000 3271.250000 -74.250000
73 3167.000000 3258.000000 -91.000000
74 3134.000000 3244.250000 -110.250000
75 3115.000000 3235.000000 -120.000000
76 3118.000000 3228.250000 -110.250000
77 3116.000000 3219.250000 -103.250000
78 3114.000000 3212.250000 -98.250000
79 3118.000000 3204.000000 -86.000000
80 3118.000000 3193.750000 -75.750000
81 3113.000000 3182.500000 -69.500000
82 3108.000000 3169.250000 -61.250000
83 3098.000000 3154.750000 -56.750000
84 3088.000000 3146.000000 -58.000000
85 3081.000000 3140.000000 -59.000000
86 3079.000000 3133.000000 -54.000000
87 3092.000000 3128.250000 -36.250000
88 3102.000000 3120.250000 -18.250000
89 3109.000000 3112.250000 -3.250000
90 3114.000000 3107.000000 7.000000
91 3121.000000 3107.750000 13.250000
92 3119.000000 3108.750000 10.250000
93 3122.000000 3109.000000 13.000000
94 3118.000000 3108.250000 9.750000
95 3107.000000 3105.000000 2.000000
96 3095.000000 3102.000000 -7.000000
97 3091.000000 3102.500000 -11.500000
98 3083.000000 3101.250000 -18.250000
99 3090.000000 3101.250000 -11.250000
100 3115.000000 3104.250000 10.750000
101 3142.000000 3109.250000 32.750000
102 3157.000000 3114.750000 42.250000
103 3170.000000 3119.250000 50.750000
104 3171.000000 3122.000000 49.000000
105 3156.000000 3123.000000 33.000000
106 3134.000000 3123.000000 11.000000
107 3119.000000 3121.500000 -2.500000
108 3111.000000 3121.500000 -10.500000
109 3096.000000 3118.750000 -22.750000
110 3092.000000 3117.500000 -25.500000
111 3083.000000 3113.500000 -30.500000
112 3073.000000 3110.000000 -37.000000
113 3064.000000 3107.000000 -43.000000
114 3065.000000 3105.500000 -40.500000
115 3058.000000 3105.250000 -47.250000
116 3059.000000 3104.500000 -45.500000
117 3052.000000 3100.250000 -48.250000
118 3052.000000 3099.250000 -47.250000
119 3056.000000 3097.000000 -41.000000
120 3071.000000 3094.250000 -23.250000
121 3095.000000 3092.750000 2.250000
122 3118.000000 3090.500000 27.500000
123 3134.000000 3090.250000 43.750000
124 3138.000000 3088.750000 49.250000
125 3129.000000 3087.500000 41.500000
126 3109.000000 3086.500000 22.500000
127 3093.000000 3084.000000 9.000000
128 3072.000000 3080.500000 -8.500000
129 3054.000000 3078.250000 -24.250000
130 3045.000000 3075.750000 -30.750000
131 3028.000000 3072.750000 -44.750000
132 3009.800000 3068.200000 -58.400000
133 2998.800000 3064.200000 -65.400000
134 2985.800000 3058.450000 -72.650000
135 2964.800000 3052.450000 -87.650000
136 2953.800000 3046.450000 -92.650000
137 2950.200000 3042.750000 -92.550000
138 2940.200000 3036.250000 -96.050000
139 2933.800000 3027.900000 -94.100000
140 2930.600000 3017.350000 -86.750000
141 2921.200000 3003.000000 -81.800000
142 2905.200000 2989.550000 -84.350000
143 2897.600000 2977.150000 -79.550000
144 2891.000000 2966.150000 -75.150000
145 2886.400000 2956.700000 -70.300000
146 2880.800000 2945.950000 -65.150000
147 2883.200000 2937.100000 -53.900000
148 2882.800000 2929.850000 -47.050000
149 2889.000000 2924.900000 -35.900000
150 2895.000000 2919.200000 -24.200000
151 2911.800000 2916.900000 -5.100000
152 2923.600000 2915.550000 8.050000
153 2945.600000 2916.550000 29.050000
154 2965.400000 2919.800000 45.600000
155 2982.200000 2923.550000 58.650000
156 2980.600000 2923.600000 57.000000
157 2980.600000 2923.150000 57.450000
158 2981.600000 2926.900000 54.700000
159 3002.600000 2937.000000 65.600000
160 3024.600000 2947.050000 77.550000
161 3062.400000 2958.900000 103.500000
162 3097.000000 2971.100000 125.900000
163 3125.000000 2983.750000 141.250000
164 3139.000000 2999.000000 140.000000
165 3154.000000 3013.950000 140.050000
166 3161.000000 3028.950000 132.050000
167 3166.000000 3041.800000 124.200000
168 3176.000000 3057.050000 118.950000
169 3172.000000 3069.750000 102.250000
170 3160.000000 3080.200000 79.800000
171 3159.000000 3090.750000 68.250000
172 3158.000000 3100.400000 57.600000
173 3141.000000 3105.900000 35.100000
174 3130.000000 3110.900000 19.100000
175 3111.000000 3112.400000 -1.400000
176 3084.000000 3116.600000 -32.600000
177 3060.000000 3120.250000 -60.250000
178 3031.200000 3118.300000 -87.100000
179 2998.400000 3109.850000 -111.450000
180 2979.400000 3101.100000 -121.700000
181 2961.000000 3091.250000 -130.250000
182 2943.400000 3081.850000 -138.450000
183 2925.600000 3068.450000 -142.850000
184 2906.600000 3051.750000 -145.150000
185 2882.800000 3033.300000 -150.500000
186 2862.200000 3016.550000 -154.350000
187 2841.600000 3000.750000 -159.150000
188 2825.400000 2980.800000 -155.400000
189 2811.600000 2961.650000 -150.050000
190 2795.400000 2942.150000 -146.750000
191 2777.800000 2921.250000 -143.450000
192 2760.400000 2901.350000 -140.950000
193 2746.400000 2882.150000 -135.750000
194 2735.000000 2862.900000 -127.900000
195 2730.000000 2846.900000 -116.900000
196 2728.400000 2832.350000 -103.950000
197 2728.000000 2818.350000 -90.350000
198 2726.200000 2805.900000 -79.700000
199 2728.000000 2795.300000 -67.300000
200 2729.400000 2784.400000 -55.000000
201 2730.200000 2774.650000 -44.450000
202 2729.400000 2764.850000 -35.450000
203 2730.400000 2757.100000 -26.700000
204 2727.600000 2750.550000 -22.950000
205 2729.600000 2746.100000 -16.500000
206 2722.800000 2739.800000 -17.000000
207 2715.400000 2733.300000 -17.900000
208 2707.200000 2727.550000 -20.350000
209 2704.000000 2723.650000 -19.650000
210 2701.000000 2722.500000 -21.500000
211 2707.400000 2722.200000 -14.800000
212 2717.600000 2722.600000 -5.000000
213 2730.000000 2723.450000 6.550000
214 2737.200000 2724.200000 13.000000
215 2740.400000 2725.100000 15.300000
216 2742.600000 2725.750000 16.850000
217 2739.600000 2725.500000 14.100000
218 2732.200000 2724.950000 7.250000
219 2729.200000 2724.500000 4.700000
220 2726.000000 2724.250000 1.750000
221 2724.400000 2724.300000 0.100000
222 2724.200000 2724.200000 0.000000
223 2728.200000 2724.400000 3.800000
224 2729.800000 2725.050000 4.750000
225 2728.400000 2723.950000 4.450000
226 2726.800000 2725.300000 1.500000
227 2726.800000 2727.050000 -0.250000
228 2726.000000 2729.100000 -3.100000
229 2728.200000 2731.100000 -2.900000
230 2724.400000 2729.800000 -5.400000
231 2712.600000 2726.600000 -14.000000
232 2699.000000 2722.400000 -23.400000
233 2686.200000 2718.150000 -31.950000
234 2670.400000 2714.400000 -44.000000
235 2664.200000 2710.750000 -46.550000
236 2666.400000 2707.550000 -41.150000
237 2673.600000 2705.900000 -32.300000
238 2681.600000 2705.500000 -23.900000
239 2692.200000 2705.150000 -12.950000
240 2700.200000 2704.300000 -4.100000
241 2702.000000 2701.950000 0.050000
242 2698.000000 2699.350000 -1.350000
243 2689.200000 2695.750000 -6.550000
244 2678.000000 2692.200000 -14.200000
245 2665.600000 2688.600000 -23.000000
246 2658.400000 2684.850000 -26.450000
247 2649.400000 2680.000000 -30.600000
248 2644.200000 2675.300000 -31.100000
249 2639.400000 2670.000000 -30.600000
250 2636.200000 2666.550000 -30.350000
